labels 4 2 1
4 0.774905 0.043242 0.181853
4 0.764894 0.0537927 0.181313
4 0.619703 0.0408387 0.339459
1 0.216709 0.034797 0.748494
1 0.443758 0.0549409 0.501301
4 0.523872 0.0520057 0.424122
1 0.308243 0.0349744 0.656783
1 0.310658 0.02721 0.662132
1 0.328411 0.0213027 0.650286
1 0.120341 0.00929123 0.870367
1 0.0947576 0.0121483 0.893094
1 0.09393 0.0315138 0.874556
1 0.100713 0.0342357 0.865052
1 0.079423 0.0202995 0.900277
1 0.161609 0.0209062 0.817484
1 0.259019 0.0188408 0.72214
1 0.175339 0.0111009 0.81356
1 0.0842144 0.00537249 0.910413
1 0.0266002 0.00467562 0.968724
1 0.014416 0.00454875 0.981035
1 0.00561257 0.00319953 0.991188
1 0.00597344 0.00337993 0.990647
1 0.00864485 0.00325982 0.988095
1 0.00799708 0.00274051 0.989262
1 0.0114821 0.00295388 0.985564
1 0.018047 0.00449367 0.977459
1 0.0393699 0.0100289 0.950601
1 0.0526128 0.0130014 0.934386
1 0.0885252 0.0233006 0.888174
1 0.0634849 0.029847 0.906668
1 0.393855 0.0819599 0.524185
4 0.654059 0.130201 0.21574
4 0.68915 0.12757 0.18328
4 0.795641 0.101694 0.102664
4 0.59251 0.0892443 0.318245
4 0.751911 0.0975286 0.150561
4 0.536822 0.118554 0.344624
4 0.636516 0.153725 0.209759
4 0.583755 0.16484 0.251405
4 0.453979 0.192554 0.353467
4 0.582074 0.152 0.265926
2 0.293213 0.354483 0.352304
2 0.140892 0.458319 0.400788
2 0.119194 0.471801 0.409005
2 0.144589 0.446833 0.408579
1 0.187499 0.305716 0.506785
1 0.242726 0.106399 0.650875
1 0.447438 0.0246301 0.527932
1 0.321238 0.0118174 0.666945
1 0.103184 0.00349528 0.893321
1 0.0583509 0.00171518 0.939934
1 0.0258808 0.00203709 0.972082
1 0.0117146 0.00110913 0.987176
1 0.00873438 0.00246106 0.988805
1 0.00614165 0.0037021 0.990156
1 0.0172875 0.00490734 0.977805
1 0.0572507 0.0108606 0.931889
1 0.157301 0.0133458 0.829353
1 0.336263 0.0163495 0.647387
1 0.177472 0.0121448 0.810384
1 0.149336 0.0118953 0.838769
1 0.2356 0.0212992 0.743101
1 0.423591 0.0381644 0.538245
1 0.445892 0.0532604 0.500847
1 0.262849 0.18159 0.555561
2 0.125876 0.52778 0.346344
2 0.147304 0.574449 0.278246
2 0.261747 0.475953 0.2623
1 0.279098 0.323306 0.397596
4 0.362831 0.353341 0.283828
4 0.447023 0.353289 0.199688
4 0.576025 0.229187 0.194789
4 0.91996 0.0502494 0.0297907
4 0.914692 0.062467 0.0228409
4 0.88397 0.0996828 0.0163475
2 0.437653 0.46222 0.100127
2 0.132189 0.684602 0.18321
2 0.0527617 0.798928 0.148311
2 0.0326121 0.694758 0.27263
2 0.0479981 0.678847 0.273155
2 0.16908 0.515617 0.315303
4 0.449841 0.179294 0.370864
4 0.707793 0.0707876 0.22142
4 0.736523 0.0505447 0.212932
1 0.436918 0.0360275 0.527054
1 0.237169 0.0776021 0.685229
1 0.260904 0.222618 0.516478
1 0.360395 0.179988 0.459618
4 0.715465 0.100642 0.183893
4 0.715896 0.117386 0.166718
4 0.600647 0.328064 0.0712887
2 0.297497 0.657828 0.0446755
2 0.250681 0.708697 0.0406218
2 0.192589 0.772402 0.0350089
2 0.066669 0.893579 0.0397515
2 0.068513 0.901515 0.0299724
2 0.109561 0.861674 0.0287653
2 0.342357 0.63063 0.0270129
4 0.658828 0.299847 0.041325
4 0.870977 0.0938317 0.0351918
4 0.930223 0.0269467 0.0428301
4 0.946715 0.0122507 0.0410339
4 0.927276 0.0177475 0.0549769
4 0.880424 0.0598404 0.059736
4 0.833865 0.139858 0.0262775
4 0.845486 0.136216 0.018298
4 0.794169 0.136632 0.069199
4 0.578225 0.149093 0.272683
4 0.674553 0.11684 0.208606
4 0.650392 0.159875 0.189734
4 0.408223 0.35921 0.232567
2 0.18172 0.696298 0.121982
2 0.100987 0.753335 0.145679
2 0.109522 0.697624 0.192854
2 0.0602354 0.812261 0.127504
2 0.0408981 0.898068 0.0610342
2 0.0864855 0.865318 0.0481962
4 0.476766 0.475752 0.047482
4 0.829888 0.106288 0.0638243
4 0.920417 0.0286888 0.0508938
4 0.923143 0.0132285 0.0636284
4 0.602391 0.0167718 0.380837
1 0.347115 0.0173544 0.63553
1 0.203971 0.0127239 0.783305
1 0.102934 0.00830995 0.888756
1 0.0586036 0.00809799 0.933298
1 0.034208 0.00585785 0.959934
1 0.0294666 0.00985415 0.960679
1 0.0492819 0.0186645 0.932054
1 0.0459268 0.0199823 0.934091
1 0.100614 0.0432968 0.85609
1 0.115746 0.0694571 0.814797
1 0.179517 0.0646425 0.755841
1 0.282789 0.0400041 0.677207
1 0.31703 0.0220512 0.660919
1 0.388902 0.0235666 0.587532
1 0.479618 0.0340177 0.486364
4 0.542732 0.0581207 0.399148
4 0.628734 0.100012 0.271254
4 0.589741 0.1397 0.270559
4 0.760599 0.101246 0.138155
4 0.734034 0.164816 0.10115
4 0.538379 0.375979 0.0856419
2 0.253803 0.687928 0.0582693
2 0.193101 0.746741 0.0601583
2 0.252703 0.691112 0.0561851
2 0.321055 0.602813 0.0761318
4 0.579076 0.371561 0.0493626
4 0.796357 0.16822 0.0354228
4 0.797324 0.127784 0.074892
4 0.792918 0.0845822 0.1225
4 0.732712 0.073469 0.193819
4 0.71627 0.0538444 0.229885
4 0.517558 0.185314 0.297128
4 0.647619 0.167734 0.184647
4 0.764373 0.146415 0.0892118
4 0.911804 0.0600157 0.0281805
4 0.918815 0.0540209 0.027164
4 0.930525 0.0468028 0.0226718
4 0.783338 0.0684223 0.14824
1 0.354038 0.24277 0.403192
1 0.14751 0.38507 0.46742
2 0.140494 0.532168 0.327338
2 0.229828 0.573265 0.196906
4 0.539273 0.305991 0.154735
4 0.808562 0.101346 0.0900922
4 0.914027 0.0475176 0.038455
4 0.8137 0.112027 0.0742735
2 0.45214 0.466213 0.0816469
2 0.182511 0.777835 0.0396538
2 0.098986 0.864002 0.0370121
2 0.125045 0.842766 0.0321896
2 0.195944 0.761694 0.0423627
4 0.631348 0.344349 0.024303
4 0.694085 0.201088 0.104828
4 0.726726 0.182127 0.0911469
4 0.662067 0.211199 0.126734
1 0.312683 0.128115 0.559202
1 0.177311 0.16508 0.657609
1 0.109616 0.328839 0.561544
2 0.104706 0.463376 0.431918
2 0.103107 0.470499 0.426394
1 0.137143 0.219612 0.643245
1 0.117583 0.0935565 0.78886
1 0.20459 0.0411503 0.75426
1 0.452937 0.040031 0.507032
4 0.816777 0.0193417 0.163881
4 0.90368 0.00661673 0.0897031
